7.500999999999999890e-01 -1.264128887882676189e-02
7.506193637718254763e-01 -1.120399501806157438e-02
7.511387275436509636e-01 -9.759363859037861744e-03
7.516580913154764509e-01 -8.307339420202231040e-03
7.521774550873019383e-01 -6.847864994094843283e-03
7.526968188591274256e-01 -5.380883134550318303e-03
7.532161826309529129e-01 -3.906335643615754805e-03
7.537355464027785112e-01 -2.424163558167213850e-03
7.542549101746039986e-01 -9.343071362253319023e-04
7.547742739464294859e-01 5.632941570496985406e-04
7.552936377182549732e-01 2.068701663678340630e-03
7.558130014900804605e-01 3.581977547520764915e-03
7.563323652619059478e-01 5.103184809273075828e-03
7.568517290337314352e-01 6.632387301815478864e-03
7.573710928055569225e-01 8.169649745922158424e-03
7.578904565773824098e-01 9.715037746342858327e-03
7.584098203492078971e-01 1.126861780826471371e-02
7.589291841210333844e-01 1.283045735417087663e-02
7.594485478928588718e-01 1.440062474109959911e-02
7.599679116646844701e-01 1.597918927832431280e-02
7.604872754365099574e-01 1.756622124545814678e-02
7.610066392083354447e-01 1.916179191100508827e-02
7.615260029801609321e-01 2.076597355136211576e-02
7.620453667519864194e-01 2.237883947029084553e-02
7.625647305238119067e-01 2.400046401887256931e-02
7.630840942956373940e-01 2.563092261596022770e-02
7.636034580674628813e-01 2.727029176914097519e-02
7.641228218392883687e-01 2.891864909623054203e-02
7.646421856111138560e-01 3.057607334730760851e-02
7.651615493829393433e-01 3.224264442731128444e-02
7.656809131547648306e-01 3.391844341921912420e-02
7.662002769265903179e-01 3.560355260781811193e-02
7.667196406984159163e-01 3.729805550409370785e-02
7.672390044702414036e-01 3.900203687025183275e-02
7.677583682420668909e-01 4.071558274539988087e-02
7.682777320138923782e-01 4.243878047189963976e-02
7.687970957857178655e-01 4.417171872242009467e-02
7.693164595575433529e-01 4.591448752771132291e-02
7.698358233293688402e-01 4.766717830512057219e-02
7.703551871011943275e-01 4.942988388788038812e-02
7.708745508730198148e-01 5.120269855518488900e-02
7.713939146448453021e-01 5.298571806309182453e-02
7.719132784166707895e-01 5.477903967626807091e-02
7.724326421884962768e-01 5.658276220061420059e-02
7.729520059603218751e-01 5.839698601679099710e-02
7.734713697321473624e-01 6.022181311468410847e-02
7.739907335039728498e-01 6.205734712883803628e-02
7.745100972757983371e-01 6.390369337488932544e-02
7.750294610476238244e-01 6.576095888703681336e-02
7.755488248194493117e-01 6.762925245658379936e-02
7.760681885912747990e-01 6.950868467159065922e-02
7.765875523631002864e-01 7.139936795767498623e-02
7.771069161349257737e-01 7.330141662000289049e-02
7.776262799067512610e-01 7.521494688650998128e-02
7.781456436785767483e-01 7.714007695240243656e-02
7.786650074504022356e-01 7.907692702597501899e-02
7.791843712222277230e-01 8.102561937580554652e-02
7.797037349940533213e-01 8.298627837936567442e-02
7.802230987658788086e-01 8.495903057310572049e-02
7.807424625377042959e-01 8.694400470407015469e-02
7.812618263095297833e-01 8.894133178309326926e-02
7.817811900813552706e-01 9.095114513964319691e-02
7.823005538531807579e-01 9.297358047837023243e-02
7.828199176250062452e-01 9.500877593742840244e-02
7.833392813968317325e-01 9.705687214863545353e-02
7.838586451686572198e-01 9.911801229954553261e-02
7.843780089404827072e-01 1.011923421975042814e-01
7.848973727123081945e-01 1.032800103357710553e-01
7.854167364841336818e-01 1.053811679617818742e-01
7.859361002559592801e-01 1.074959691476439216e-01
7.864554640277847675e-01 1.096245708629469684e-01
7.869748277996102548e-01 1.117671330499923066e-01
7.874941915714357421e-01 1.139238187015261250e-01
7.880135553432612294e-01 1.160947939410889029e-01
7.885329191150867167e-01 1.182802281060862937e-01
7.890522828869122041e-01 1.204802938336918539e-01
7.895716466587376914e-01 1.226951671497037433e-01
7.900910104305631787e-01 1.249250275604769644e-01
7.906103742023886660e-01 1.271700581480642578e-01
7.911297379742141533e-01 1.294304456687001004e-01
7.916491017460396407e-01 1.317063806547752458e-01
7.921684655178651280e-01 1.339980575204494651e-01
7.926878292896907263e-01 1.363056746710679112e-01
7.932071930615162136e-01 1.386294346165389824e-01
7.937265568333417010e-01 1.409695440888638629e-01
7.942459206051671883e-01 1.433262141639898291e-01
7.947652843769926756e-01 1.456996603881930419e-01
7.952846481488181629e-01 1.480901029091901133e-01
7.958040119206436502e-01 1.504977666122034874e-01
7.963233756924691376e-01 1.529228812612014599e-01
7.968427394642946249e-01 1.553656816455609713e-01
7.973621032361201122e-01 1.578264077324075254e-01
7.978814670079455995e-01 1.603053048248991308e-01
7.984008307797710868e-01 1.628026237267415910e-01
7.989201945515966852e-01 1.653186209132386786e-01
7.994395583234221725e-01 1.678535587091868342e-01
7.999589220952476598e-01 1.704077054739656649e-01
8.004782858670731471e-01 1.729813357941671903e-01
8.009976496388986344e-01 1.755747306841477506e-01
8.015170134107241218e-01 1.781881777949059220e-01
8.020363771825496091e-01 1.808219716317035486e-01
8.025557409543750964e-01 1.834764137808870821e-01
8.030751047262005837e-01 1.861518131463806291e-01
8.035944684980260710e-01 1.888484861963654060e-01
8.041138322698515584e-01 1.915667572206747327e-01
8.046331960416770457e-01 1.943069585994886550e-01
8.051525598135025330e-01 1.970694310839273822e-01
8.056719235853281313e-01 1.998545240892001251e-01
8.061912873571536187e-01 2.026625960009914573e-01
8.067106511289791060e-01 2.054940144958320447e-01
8.072300149008045933e-01 2.083491568762279034e-01
8.077493786726300806e-01 2.112284104213892899e-01
8.082687424444555679e-01 2.141321727544546194e-01
8.087881062162810553e-01 2.170608522271618712e-01
8.093074699881065426e-01 2.200148683229862234e-01
8.098268337599320299e-01 2.229946520798394838e-01
8.103461975317575172e-01 2.260006465334967185e-01
8.108655613035830045e-01 2.290333071830016332e-01
8.113849250754084919e-01 2.320931024793950748e-01
8.119042888472340902e-01 2.351805143392023956e-01
8.124236526190595775e-01 2.382960386842269962e-01
8.129430163908850648e-01 2.414401860093129404e-01
8.134623801627105522e-01 2.446134819798578830e-01
8.139817439345360395e-01 2.478164680609978854e-01
8.145011077063615268e-01 2.510497021805386808e-01
8.150204714781870141e-01 2.543137594278592761e-01
8.155398352500125014e-01 2.576092327911982949e-01
8.160591990218379888e-01 2.609367339359195404e-01
8.165785627936634761e-01 2.642968940265705280e-01
8.170979265654889634e-01 2.676903645957708910e-01
8.176172903373144507e-01 2.711178184632224708e-01
8.181366541091399380e-01 2.745799507084125679e-01
8.186560178809655364e-01 2.780774797008804811e-01
8.191753816527910237e-01 2.816111481922495274e-01
8.196947454246165110e-01 2.851817244746083224e-01
8.202141091964419983e-01 2.887900036102097889e-01
8.207334729682674856e-01 2.924368087379135561e-01
8.212528367400929730e-01 2.961229924622980070e-01
8.217722005119184603e-01 2.998494383318994760e-01
8.222915642837439476e-01 3.036170624136520502e-01
8.228109280555694349e-01 3.074268149712667819e-01
8.233302918273949222e-01 3.112796822560418564e-01
8.238496555992204096e-01 3.151766884194147078e-01
8.243690193710460079e-01 3.191188975575054432e-01
8.248883831428714952e-01 3.231074158989165612e-01
8.254077469146969825e-01 3.271433941482301266e-01
8.259271106865224699e-01 3.312280299989117660e-01
8.264464744583479572e-01 3.353625708307985676e-01
8.269658382301734445e-01 3.395483166089747762e-01
8.274852020019989318e-01 3.437866230026642711e-01
8.280045657738244191e-01 3.480789047448522577e-01
8.285239295456499065e-01 3.524266392556780758e-01
8.290432933174753938e-01 3.568313705552951243e-01
8.295626570893008811e-01 3.612947134948997219e-01
8.300820208611263684e-01 3.658183583380503201e-01
8.306013846329518557e-01 3.704040757282989205e-01
8.311207484047773431e-01 3.750537220836088759e-01
8.316401121766029414e-01 3.797692454631375059e-01
8.321594759484284287e-01 3.845526919578142744e-01
8.326788397202539160e-01 3.894062126629046494e-01
8.331982034920794034e-01 3.943320712985063370e-01
8.337175672639048907e-01 3.993326525529630189e-01
8.342369310357303780e-01 4.044104712346207053e-01
8.347562948075558653e-01 4.095681823295365120e-01
8.352756585793813526e-01 4.148085920769756241e-01
8.357950223512068400e-01 4.201346701911955472e-01
8.363143861230323273e-01 4.255495633776227304e-01
8.368337498948578146e-01 4.310566103146553640e-01
8.373531136666834129e-01 4.366593582997291279e-01
8.378724774385089002e-01 4.423615817908451708e-01
8.383918412103343876e-01 4.481673031137090035e-01
8.389112049821598749e-01 4.540808156512090576e-01
8.394305687539853622e-01 4.601067098882327677e-01
8.399499325258108495e-01 4.662499027527754469e-01
8.404692962976363368e-01 4.725156707770623576e-01
8.409886600694618242e-01 4.789096877035342592e-01
8.415080238412873115e-01 4.854380672849476497e-01
8.420273876131127988e-01 4.921074121816561009e-01
8.425467513849382861e-01 4.989248700505960477e-01
8.430661151567637734e-01 5.058981981603105638e-01
8.435854789285892608e-01 5.130358381689055225e-01
8.441048427004147481e-01 5.203470030863306395e-01
8.446242064722403464e-01 5.278417789349911793e-01
8.451435702440658337e-01 5.355312442591189104e-01
8.456629340158913211e-01 5.434276114631777510e-01
8.461822977877168084e-01 5.515443950520808603e-01
8.467016615595422957e-01 5.598966132998032252e-01
8.472210253313677830e-01 5.685010318293901577e-01
8.477403891031932703e-01 5.773764602531230583e-01
8.482597528750187577e-01 5.865441167027556357e-01
8.487791166468442450e-01 5.960280802382402765e-01
8.492984804186697323e-01 6.058558584690277860e-01
8.498178441904952196e-01 6.160591083691007164e-01
8.503372079623208180e-01 6.266745640043288601e-01
8.508565717341463053e-01 6.377452486653305552e-01
8.513759355059717926e-01 6.493220857043269234e-01
8.518952992777972799e-01 6.614660809467004521e-01
8.524146630496227672e-01 6.742513457355603368e-01
8.529340268214482546e-01 6.877693934348532157e-01
8.534533905932737419e-01 7.021354329972533392e-01
