7.500999999999999890e-01 nan
7.506193637718254763e-01 nan
7.511387275436509636e-01 nan
7.516580913154764509e-01 nan
7.521774550873019383e-01 nan
7.526968188591274256e-01 nan
7.532161826309529129e-01 nan
7.537355464027785112e-01 nan
7.542549101746039986e-01 nan
7.547742739464294859e-01 nan
7.552936377182549732e-01 -1.834729300567740917e-01
7.558130014900804605e-01 -1.804755950893108529e-01
7.563323652619059478e-01 -1.774782601218467259e-01
7.568517290337314352e-01 -1.744809251543825990e-01
7.573710928055569225e-01 -1.714835901869184720e-01
7.578904565773824098e-01 -1.684862552194543450e-01
7.584098203492078971e-01 -1.654889202519902180e-01
7.589291841210333844e-01 -1.624915852845260911e-01
7.594485478928588718e-01 -1.594942503170619641e-01
7.599679116646844701e-01 -1.564969153495969489e-01
7.604872754365099574e-01 -1.534995803821328220e-01
7.610066392083354447e-01 -1.505022454146686950e-01
7.615260029801609321e-01 -1.475049104472045680e-01
7.620453667519864194e-01 -1.445075754797404410e-01
7.625647305238119067e-01 -1.415102405122763141e-01
7.630840942956373940e-01 -1.385129055448121871e-01
7.636034580674628813e-01 -1.355155705773480601e-01
7.641228218392883687e-01 -1.325182356098839331e-01
7.646421856111138560e-01 -1.295209006424198062e-01
7.651615493829393433e-01 -1.265235656749556792e-01
7.656809131547648306e-01 -1.235262307074915522e-01
7.662002769265903179e-01 -1.205288957400274252e-01
7.667196406984159163e-01 -1.175315607725624101e-01
7.672390044702414036e-01 -1.145342258050982831e-01
7.677583682420668909e-01 -1.115368908376341561e-01
7.682777320138923782e-01 -1.085395558701700292e-01
7.687970957857178655e-01 -1.055422209027059022e-01
7.693164595575433529e-01 -1.025448859352417752e-01
7.698358233293688402e-01 -9.954755096777764822e-02
7.703551871011943275e-01 -9.655021600031352125e-02
7.708745508730198148e-01 -9.355288103284939427e-02
7.713939146448453021e-01 -9.055554606538526730e-02
7.719132784166707895e-01 -8.755821109792114032e-02
7.724326421884962768e-01 -8.456087613045701334e-02
7.729520059603218751e-01 -8.156354116299288637e-02
7.734713697321473624e-01 -7.856620619552875939e-02
7.739907335039728498e-01 -7.556887122806463242e-02
7.745100972757983371e-01 -7.257153626060050544e-02
7.750294610476238244e-01 -6.956995211993138861e-02
7.755488248194493117e-01 -6.655799487789856861e-02
7.760681885912747990e-01 -6.353556973707863431e-02
7.765875523631002864e-01 -6.050262891081423233e-02
7.771069161349257737e-01 -5.745912407420755708e-02
7.776262799067512610e-01 -5.440500640276205169e-02
7.781456436785767483e-01 -5.134022652203459880e-02
7.786650074504022356e-01 -4.826473450621845962e-02
7.791843712222277230e-01 -4.517847989949397292e-02
7.797037349940533213e-01 -4.208141166523152177e-02
7.802230987658788086e-01 -3.897347820281271691e-02
7.807424625377042959e-01 -3.585462734224195702e-02
7.812618263095297833e-01 -3.272480630478441510e-02
7.817811900813552706e-01 -2.958396173255126160e-02
7.823005538531807579e-01 -2.643203965676180212e-02
7.828199176250062452e-01 -2.326898547014719099e-02
7.833392813968317325e-01 -2.009474396958843556e-02
7.838586451686572198e-01 -1.690925929288150664e-02
7.843780089404827072e-01 -1.371247492513053001e-02
7.848973727123081945e-01 -1.050433371091205603e-02
7.854167364841336818e-01 -7.284777802443159755e-03
7.859361002559592801e-01 -4.053748679095831031e-03
7.864554640277847675e-01 -8.111871323217278995e-04
7.869748277996102548e-01 2.442966774299143440e-03
7.874941915714357421e-01 5.708773672116029818e-03
7.880135553432612294e-01 8.986294931879856840e-03
7.885329191150867167e-01 1.227559268519215485e-02
7.890522828869122041e-01 1.557672979032775906e-02
7.895716466587376914e-01 1.888976989791402161e-02
7.900910104305631787e-01 2.221477744262742582e-02
7.906103742023886660e-01 2.555181764051844828e-02
7.911297379742141533e-01 2.890095654266786052e-02
7.916491017460396407e-01 3.226226101318102613e-02
7.921684655178651280e-01 3.563579875573941180e-02
7.926878292896907263e-01 3.902163835486588406e-02
7.932071930615162136e-01 4.241984923984473688e-02
7.937265568333417010e-01 4.583050174420333356e-02
7.942459206051671883e-01 4.925366712084236487e-02
7.947652843769926756e-01 5.268941751829062103e-02
7.952846481488181629e-01 5.613782604971667700e-02
7.958040119206436502e-01 5.959896678332288200e-02
7.963233756924691376e-01 6.307291475114673585e-02
7.968427394642946249e-01 6.655974600563516197e-02
7.973621032361201122e-01 7.005953759566765915e-02
7.978814670079455995e-01 7.357236760695914923e-02
7.984008307797710868e-01 7.709831520579676911e-02
7.989201945515966852e-01 8.063746060029924889e-02
7.994395583234221725e-01 8.418988511792949159e-02
7.999589220952476598e-01 8.775567121453556330e-02
8.004782858670731471e-01 9.133490246343178853e-02
8.009976496388986344e-01 9.492766362939883407e-02
8.015170134107241218e-01 9.853404065870055573e-02
8.020363771825496091e-01 1.021541207021530451e-01
8.025557409543750964e-01 1.057879921763101305e-01
8.030751047262005837e-01 1.094357447384846638e-01
8.035944684980260710e-01 1.130974693448750790e-01
8.041138322698515584e-01 1.167732582958019572e-01
8.046331960416770457e-01 1.204632052008413612e-01
8.051525598135025330e-01 1.241674050730147694e-01
8.056719235853281313e-01 1.278859543351899553e-01
8.061912873571536187e-01 1.316189508249071272e-01
8.067106511289791060e-01 1.353664938758786518e-01
8.072300149008045933e-01 1.391286843093307857e-01
8.077493786726300806e-01 1.429056244752922034e-01
8.082687424444555679e-01 1.466974183210911498e-01
8.087881062162810553e-01 1.505041713671730896e-01
8.093074699881065426e-01 1.543259907888341886e-01
8.098268337599320299e-01 1.581629854601996621e-01
8.103461975317575172e-01 1.620152659364627046e-01
8.108655613035830045e-01 1.658829445594129925e-01
8.113849250754084919e-01 1.697661354684330548e-01
8.119042888472340902e-01 1.736649546251257670e-01
8.124236526190595775e-01 1.775795199062962237e-01
8.129430163908850648e-01 1.815099510995965837e-01
8.134623801627105522e-01 1.854563699689830147e-01
8.139817439345360395e-01 1.894189003349095179e-01
8.145011077063615268e-01 1.933976680541850957e-01
8.150204714781870141e-01 1.973928011327574505e-01
8.155398352500125014e-01 2.014044297717570153e-01
8.160591990218379888e-01 2.054326863733852426e-01
8.165785627936634761e-01 2.094777056637443791e-01
8.170979265654889634e-01 2.135396247132149983e-01
8.176172903373144507e-01 2.176185829886266299e-01
8.181366541091399380e-01 2.217147224642891934e-01
8.186560178809655364e-01 2.258281876273102728e-01
8.191753816527910237e-01 2.299591255765380815e-01
8.196947454246165110e-01 2.341076861217983307e-01
8.202141091964419983e-01 2.382740217738318900e-01
8.207334729682674856e-01 2.424582878996620616e-01
8.212528367400929730e-01 2.466606427770941246e-01
8.217722005119184603e-01 2.508812476349111531e-01
8.222915642837439476e-01 2.551202668030312370e-01
8.228109280555694349e-01 2.593778677509850361e-01
8.233302918273949222e-01 2.636542211802689328e-01
8.238496555992204096e-01 2.679495011648119207e-01
8.243690193710460079e-01 2.722638851758608092e-01
8.248883831428714952e-01 2.765975542313734437e-01
8.254077469146969825e-01 2.809506930193247376e-01
8.259271106865224699e-01 2.853234899249584844e-01
8.264464744583479572e-01 2.897161372319900230e-01
8.269658382301734445e-01 2.941288312057457333e-01
8.274852020019989318e-01 2.985617721845703620e-01
8.280045657738244191e-01 3.030151647751053723e-01
8.285239295456499065e-01 3.074892179252096125e-01
8.290432933174753938e-01 3.119841450786022818e-01
8.295626570893008811e-01 3.165001643654009045e-01
8.300820208611263684e-01 3.210374986657287266e-01
8.306013846329518557e-01 3.255963758373812134e-01
8.311207484047773431e-01 3.301770288825979782e-01
8.316401121766029414e-01 3.347796960447545489e-01
8.321594759484284287e-01 3.394046210792722729e-01
8.326788397202539160e-01 3.440520533951287874e-01
8.331982034920794034e-01 3.487222482304160875e-01
8.337175672639048907e-01 3.534154669265416882e-01
8.342369310357303780e-01 3.581319770680467252e-01
8.347562948075558653e-01 3.628720527408239582e-01
8.352756585793813526e-01 3.676359748128800731e-01
8.357950223512068400e-01 3.724240310756068428e-01
8.363143861230323273e-01 3.772365166013508242e-01
8.368337498948578146e-01 3.820737339983897862e-01
8.373531136666834129e-01 3.869359936310723946e-01
8.378724774385089002e-01 3.918236140175499482e-01
8.383918412103343876e-01 3.967369220863046775e-01
8.389112049821598749e-01 4.016762535029536063e-01
8.394305687539853622e-01 4.066419530926236869e-01
8.399499325258108495e-01 4.116343751159728948e-01
8.404692962976363368e-01 4.166538837154573627e-01
8.409886600694618242e-01 4.217008533692655492e-01
8.415080238412873115e-01 4.267756691996271168e-01
8.420273876131127988e-01 4.318787275633374501e-01
8.425467513849382861e-01 4.370104364967313249e-01
8.430661151567637734e-01 4.421712161757704873e-01
8.435854789285892608e-01 4.473614995658209970e-01
8.441048427004147481e-01 4.525817329218798091e-01
8.446242064722403464e-01 4.578323764153882092e-01
8.451435702440658337e-01 4.631139048619872245e-01
8.456629340158913211e-01 4.684268082964246904e-01
8.461822977877168084e-01 4.737715928015524547e-01
8.467016615595422957e-01 4.791487813191733225e-01
8.472210253313677830e-01 4.845589143652914155e-01
8.477403891031932703e-01 4.900025510717463950e-01
8.482597528750187577e-01 4.954802700855602260e-01
8.487791166468442450e-01 5.009926705516642986e-01
8.492984804186697323e-01 5.065403733257277663e-01
8.498178441904952196e-01 5.121240220480001160e-01
8.503372079623208180e-01 5.177442844472991412e-01
8.508565717341463053e-01 5.234018537820404049e-01
8.513759355059717926e-01 5.290974501500047555e-01
8.518952992777972799e-01 5.348318222063012106e-01
8.524146630496227672e-01 5.406057488663182919e-01
8.529340268214482546e-01 5.464200410286306209e-01
8.534533905932737419e-01 5.522755437386539512e-01
